0 6
0 15
0 19
0 26
0 31
0 32
0 40
0 49
0 54
0 56
0 61
0 65
0 68
0 70
0 73
0 79
0 87
0 89
0 94
0 101
0 107
0 112
0 115
0 117
0 125
0 129
0 131
0 133
0 137
0 138
0 142
0 145
0 147
0 154
1 3
1 4
1 6
1 7
1 9
1 10
1 11
1 12
1 14
1 15
1 18
1 19
1 20
1 21
1 26
1 27
1 29
1 30
1 31
1 32
1 34
1 35
1 36
1 37
1 38
1 39
1 40
1 43
1 44
1 45
1 46
1 49
1 51
1 52
1 54
1 55
1 56
1 58
1 60
1 61
1 63
1 64
1 65
1 66
1 67
1 68
1 69
1 70
1 71
1 73
1 74
1 75
1 76
1 77
1 79
1 80
1 83
1 84
1 85
1 87
1 88
1 89
1 92
1 93
1 94
1 97
1 98
1 99
1 100
1 101
1 102
1 103
1 106
1 107
1 108
1 109
1 111
1 112
1 113
1 114
1 115
1 116
1 117
1 118
1 121
1 125
1 126
1 129
1 131
1 133
1 134
1 135
1 137
1 138
1 141
1 142
1 143
1 145
1 146
1 147
1 149
1 152
1 153
1 154
1 156
1 158
1 160
1 161
2 6
2 18
2 30
2 31
2 32
2 37
2 38
2 40
2 49
2 54
2 56
2 65
2 68
2 70
2 73
2 79
2 89
2 99
2 101
2 102
2 125
2 131
2 133
2 137
2 138
2 142
2 147
2 154
3 6
3 26
3 30
3 31
3 40
3 49
3 54
3 65
3 66
3 67
3 68
3 70
3 77
3 87
3 89
3 94
3 101
3 115
3 125
3 131
3 133
3 134
3 137
3 138
3 146
3 147
3 154
4 6
4 11
4 15
4 18
4 19
4 26
4 30
4 31
4 32
4 36
4 37
4 38
4 40
4 49
4 54
4 56
4 63
4 65
4 66
4 67
4 68
4 70
4 73
4 77
4 79
4 87
4 89
4 94
4 101
4 102
4 109
4 114
4 115
4 117
4 121
4 125
4 129
4 131
4 133
4 134
4 137
4 138
4 142
4 145
4 146
4 147
4 151
4 154
5 6
5 40
5 54
5 56
5 70
5 73
5 89
5 101
5 115
5 131
5 133
5 137
5 138
5 154
6 7
6 9
6 10
6 11
6 12
6 13
6 14
6 15
6 18
6 19
6 20
6 21
6 22
6 23
6 24
6 25
6 26
6 29
6 30
6 31
6 32
6 33
6 34
6 35
6 36
6 37
6 38
6 39
6 40
6 41
6 42
6 43
6 44
6 45
6 46
6 49
6 51
6 52
6 54
6 55
6 56
6 58
6 60
6 61
6 62
6 63
6 64
6 65
6 66
6 67
6 68
6 69
6 70
6 71
6 72
6 73
6 74
6 75
6 77
6 79
6 80
6 82
6 83
6 84
6 85
6 87
6 89
6 90
6 91
6 93
6 94
6 95
6 96
6 97
6 99
6 100
6 101
6 102
6 105
6 106
6 107
6 109
6 111
6 112
6 113
6 114
6 115
6 116
6 117
6 118
6 119
6 121
6 125
6 126
6 127
6 129
6 130
6 131
6 132
6 133
6 134
6 135
6 136
6 137
6 138
6 139
6 141
6 142
6 145
6 146
6 147
6 150
6 151
6 152
6 153
6 154
6 157
6 158
6 159
6 161
7 11
7 18
7 19
7 20
7 26
7 30
7 31
7 32
7 37
7 38
7 40
7 44
7 49
7 54
7 56
7 61
7 64
7 65
7 66
7 67
7 68
7 69
7 70
7 73
7 77
7 79
7 87
7 89
7 94
7 99
7 101
7 102
7 111
7 115
7 117
7 125
7 129
7 131
7 133
7 137
7 138
7 142
7 145
7 147
7 151
7 154
8 31
8 40
8 49
8 54
8 56
8 77
8 79
8 89
8 101
8 133
8 137
8 146
8 154
9 15
9 18
9 20
9 26
9 30
9 31
9 32
9 38
9 40
9 44
9 49
9 54
9 56
9 61
9 65
9 66
9 67
9 68
9 70
9 73
9 79
9 89
9 94
9 99
9 101
9 112
9 115
9 117
9 125
9 129
9 131
9 133
9 134
9 137
9 138
9 142
9 145
9 147
9 151
9 154
10 19
10 20
10 26
10 31
10 32
10 37
10 38
10 40
10 49
10 54
10 56
10 65
10 66
10 67
10 68
10 70
10 73
10 79
10 89
10 94
10 99
10 101
10 102
10 107
10 112
10 115
10 117
10 121
10 125
10 129
10 131
10 133
10 134
10 137
10 138
10 142
10 145
10 147
10 151
10 154
11 14
11 15
11 16
11 18
11 19
11 20
11 23
11 25
11 26
11 30
11 31
11 32
11 35
11 36
11 37
11 38
11 39
11 40
11 42
11 44
11 45
11 49
11 53
11 54
11 55
11 56
11 58
11 61
11 62
11 63
11 64
11 65
11 66
11 67
11 68
11 69
11 70
11 72
11 73
11 74
11 77
11 79
11 84
11 85
11 87
11 89
11 94
11 98
11 99
11 100
11 101
11 102
11 105
11 106
11 107
11 108
11 109
11 110
11 111
11 112
11 113
11 114
11 115
11 117
11 118
11 121
11 125
11 128
11 129
11 131
11 132
11 133
11 134
11 135
11 136
11 137
11 138
11 141
11 142
11 145
11 146
11 147
11 149
11 151
11 152
11 153
11 154
11 157
11 158
11 159
11 161
12 18
12 19
12 31
12 32
12 40
12 49
12 54
12 56
12 65
12 68
12 70
12 77
12 101
12 112
12 115
12 117
12 129
12 133
12 134
12 137
12 138
12 142
12 145
12 147
12 151
12 154
13 26
13 40
13 54
13 79
13 101
13 115
13 133
13 138
13 142
13 145
13 147
13 154
14 15
14 18
14 19
14 20
14 26
14 30
14 31
14 32
14 37
14 38
14 40
14 44
14 45
14 46
14 49
14 50
14 54
14 56
14 65
14 66
14 67
14 68
14 70
14 73
14 79
14 87
14 89
14 94
14 99
14 101
14 102
14 111
14 112
14 113
14 115
14 117
14 125
14 129
14 131
14 133
14 137
14 138
14 142
14 145
14 146
14 147
14 151
14 154
15 18
15 19
15 20
15 21
15 25
15 26
15 30
15 31
15 32
15 37
15 38
15 40
15 44
15 49
15 51
15 54
15 56
15 61
15 64
15 65
15 66
15 67
15 68
15 69
15 70
15 72
15 73
15 74
15 75
15 77
15 79
15 80
15 87
15 88
15 89
15 90
15 94
15 97
15 99
15 101
15 102
15 103
15 105
15 106
15 107
15 108
15 111
15 112
15 113
15 114
15 115
15 117
15 121
15 125
15 129
15 131
15 133
15 134
15 135
15 136
15 137
15 138
15 141
15 142
15 145
15 146
15 147
15 151
15 153
15 154
15 158
15 159
16 31
16 37
16 40
16 49
16 54
16 56
16 61
16 67
16 73
16 79
16 94
16 101
16 112
16 115
16 125
16 129
16 133
16 137
16 138
16 146
16 147
16 154
17 32
17 40
17 54
17 65
17 67
17 70
17 73
17 101
17 115
17 133
17 137
17 142
17 145
17 154
18 19
18 20
18 21
18 22
18 26
18 29
18 30
18 31
18 32
18 36
18 37
18 38
18 39
18 40
18 43
18 44
18 49
18 50
18 51
18 52
18 54
18 55
18 56
18 58
18 59
18 61
18 63
18 64
18 65
18 66
18 67
18 68
18 69
18 70
18 71
18 72
18 73
18 75
18 77
18 79
18 80
18 82
18 84
18 85
18 87
18 88
18 89
18 91
18 94
18 96
18 99
18 101
18 102
18 105
18 106
18 107
18 108
18 109
18 111
18 112
18 113
18 115
18 117
18 118
18 121
18 125
18 126
18 128
18 129
18 131
18 133
18 134
18 136
18 137
18 138
18 139
18 141
18 142
18 145
18 146
18 147
18 149
18 151
18 152
18 153
18 154
18 157
18 158
19 20
19 21
19 22
19 25
19 26
19 28
19 30
19 31
19 32
19 33
19 35
19 36
19 37
19 38
19 39
19 40
19 42
19 43
19 44
19 45
19 46
19 47
19 49
19 50
19 51
19 52
19 54
19 55
19 56
19 58
19 61
19 62
19 63
19 64
19 65
19 66
19 67
19 68
19 69
19 70
19 73
19 74
19 75
19 77
19 79
19 80
19 83
19 84
19 86
19 87
19 88
19 89
19 92
19 93
19 94
19 96
19 98
19 99
19 100
19 101
19 102
19 105
19 106
19 107
19 108
19 110
19 111
19 112
19 114
19 115
19 116
19 117
19 118
19 119
19 121
19 125
19 126
19 129
19 131
19 133
19 134
19 135
19 137
19 138
19 141
19 142
19 145
19 146
19 147
19 151
19 152
19 153
19 154
19 157
19 158
19 160
19 161
20 21
20 26
20 30
20 31
20 32
20 35
20 36
20 37
20 38
20 40
20 44
20 46
20 49
20 51
20 52
20 53
20 54
20 55
20 56
20 58
20 59
20 61
20 63
20 64
20 65
20 66
20 67
20 68
20 70
20 71
20 72
20 73
20 74
20 77
20 79
20 80
20 82
20 85
20 87
20 88
20 89
20 90
20 94
20 97
20 99
20 101
20 102
20 105
20 106
20 107
20 108
20 111
20 112
20 113
20 115
20 116
20 117
20 118
20 121
20 125
20 126
20 128
20 129
20 131
20 133
20 134
20 135
20 137
20 138
20 141
20 142
20 145
20 146
20 147
20 151
20 152
20 153
20 154
20 157
20 158
20 160
20 161
21 26
21 30
21 31
21 32
21 37
21 38
21 40
21 49
21 54
21 56
21 61
21 63
21 65
21 66
21 67
21 68
21 70
21 72
21 73
21 77
21 79
21 87
21 89
21 94
21 99
21 101
21 102
21 107
21 115
21 117
21 118
21 125
21 129
21 131
21 133
21 134
21 137
21 138
21 142
21 145
21 146
21 147
21 151
21 154
22 26
22 32
22 40
22 44
22 49
22 54
22 56
22 68
22 73
22 79
22 87
22 89
22 94
22 101
22 102
22 112
22 115
22 125
22 129
22 131
22 133
22 137
22 138
22 142
22 145
22 146
22 147
22 154
23 30
23 31
23 38
23 40
23 49
23 54
23 56
23 67
23 70
23 79
23 99
23 101
23 112
23 115
23 117
23 125
23 131
23 133
23 134
23 137
23 138
23 147
23 151
23 154
24 26
24 30
24 31
24 32
24 37
24 40
24 54
24 56
24 66
24 70
24 73
24 79
24 89
24 94
24 102
24 112
24 115
24 121
24 125
24 131
24 133
24 137
24 138
24 142
24 145
24 146
24 147
24 154
25 26
25 30
25 31
25 32
25 37
25 40
25 44
25 54
25 56
25 61
25 68
25 70
25 79
25 94
25 99
25 101
25 112
25 115
25 117
25 125
25 131
25 133
25 134
25 137
25 138
25 142
25 146
25 147
25 151
25 154
26 28
26 30
26 31
26 32
26 33
26 34
26 35
26 36
26 37
26 38
26 39
26 40
26 42
26 44
26 45
26 46
26 47
26 48
26 49
26 50
26 51
26 52
26 54
26 56
26 57
26 58
26 61
26 63
26 64
26 65
26 66
26 67
26 68
26 69
26 70
26 71
26 72
26 73
26 74
26 75
26 77
26 79
26 80
26 81
26 82
26 83
26 84
26 85
26 86
26 87
26 88
26 89
26 90
26 93
26 94
26 95
26 96
26 97
26 98
26 99
26 100
26 101
26 102
26 104
26 105
26 106
26 107
26 108
26 109
26 110
26 111
26 112
26 113
26 114
26 115
26 116
26 117
26 118
26 119
26 121
26 122
26 125
26 126
26 128
26 129
26 130
26 131
26 133
26 134
26 135
26 136
26 137
26 138
26 139
26 140
26 141
26 142
26 145
26 146
26 147
26 148
26 149
26 151
26 152
26 153
26 154
26 156
26 157
26 158
26 159
26 161
27 31
27 37
27 38
27 40
27 54
27 65
27 79
27 94
27 101
27 115
27 125
27 133
27 137
27 142
27 147
27 154
28 31
28 40
28 49
28 54
28 56
28 79
28 89
28 94
28 101
28 125
28 131
28 133
28 137
28 138
28 142
28 147
28 154
29 30
29 31
29 40
29 49
29 54
29 56
29 65
29 70
29 79
29 89
29 94
29 101
29 112
29 115
29 117
29 121
29 125
29 131
29 133
29 134
29 137
29 138
29 142
29 146
29 151
29 154
30 31
30 32
30 35
30 36
30 37
30 38
30 39
30 40
30 43
30 44
30 45
30 46
30 48
30 49
30 51
30 52
30 54
30 55
30 56
30 57
30 58
30 61
30 62
30 63
30 64
30 65
30 66
30 67
30 68
30 69
30 70
30 71
30 72
30 73
30 74
30 75
30 77
30 79
30 81
30 83
30 84
30 86
30 87
30 88
30 89
30 90
30 91
30 92
30 93
30 94
30 98
30 99
30 101
30 102
30 103
30 104
30 105
30 106
30 107
30 108
30 109
30 110
30 111
30 112
30 113
30 114
30 115
30 116
30 117
30 118
30 120
30 121
30 125
30 126
30 128
30 129
30 131
30 133
30 134
30 135
30 136
30 137
30 138
30 139
30 141
30 142
30 143
30 145
30 146
30 147
30 149
30 151
30 152
30 153
30 154
30 156
30 157
30 158
30 159
30 160
30 161
31 32
31 33
31 34
31 35
31 36
31 37
31 38
31 39
31 40
31 42
31 43
31 44
31 45
31 46
31 48
31 49
31 50
31 51
31 52
31 54
31 55
31 56
31 57
31 58
31 59
31 60
31 61
31 62
31 63
31 64
31 65
31 66
31 67
31 68
31 69
31 70
31 71
31 72
31 73
31 74
31 75
31 77
31 78
31 79
31 80
31 81
31 82
31 83
31 84
31 85
31 87
31 88
31 89
31 90
31 91
31 92
31 93
31 94
31 95
31 96
31 97
31 98
31 99
31 101
31 102
31 103
31 105
31 106
31 107
31 108
31 109
31 110
31 111
31 112
31 113
31 114
31 115
31 116
31 117
31 118
31 119
31 121
31 122
31 124
31 125
31 126
31 128
31 129
31 131
31 133
31 134
31 135
31 136
31 137
31 138
31 139
31 140
31 141
31 142
31 143
31 145
31 146
31 147
31 149
31 150
31 151
31 152
31 153
31 154
31 157
31 158
31 159
31 160
31 161
32 34
32 35
32 36
32 37
32 38
32 40
32 42
32 43
32 44
32 45
32 49
32 51
32 54
32 55
32 56
32 58
32 61
32 62
32 63
32 64
32 65
32 66
32 67
32 68
32 70
32 71
32 72
32 73
32 74
32 75
32 77
32 79
32 80
32 84
32 85
32 86
32 87
32 89
32 91
32 92
32 93
32 94
32 96
32 97
32 98
32 99
32 100
32 101
32 102
32 103
32 105
32 106
32 107
32 108
32 109
32 110
32 111
32 112
32 113
32 114
32 115
32 116
32 117
32 118
32 119
32 120
32 121
32 122
32 124
32 125
32 128
32 129
32 131
32 133
32 134
32 135
32 137
32 138
32 141
32 142
32 145
32 146
32 147
32 149
32 150
32 151
32 152
32 153
32 154
32 157
32 158
32 161
33 40
33 54
33 68
33 79
33 101
33 115
33 117
33 125
33 131
33 133
33 137
33 138
33 142
33 145
33 154
34 37
34 38
34 49
34 54
34 65
34 66
34 68
34 70
34 77
34 79
34 89
34 94
34 101
34 102
34 115
34 125
34 129
34 133
34 137
34 138
34 146
34 147
34 154
35 37
35 38
35 40
35 44
35 49
35 54
35 56
35 65
35 66
35 67
35 68
35 70
35 73
35 77
35 79
35 87
35 89
35 94
35 101
35 102
35 109
35 112
35 115
35 117
35 121
35 125
35 131
35 133
35 134
35 137
35 138
35 142
35 145
35 146
35 147
35 154
36 38
36 40
36 49
36 54
36 56
36 65
36 68
36 70
36 77
36 79
36 87
36 89
36 94
36 99
36 101
36 102
36 107
36 112
36 115
36 117
36 125
36 131
36 133
36 134
36 137
36 138
36 142
36 145
36 146
36 147
36 151
36 154
37 38
37 40
37 44
37 45
37 49
37 50
37 51
37 54
37 56
37 58
37 59
37 61
37 63
37 64
37 65
37 66
37 67
37 68
37 69
37 70
37 71
37 72
37 73
37 74
37 77
37 79
37 84
37 85
37 87
37 89
37 90
37 92
37 94
37 95
37 96
37 97
37 98
37 99
37 100
37 101
37 102
37 103
37 104
37 105
37 106
37 107
37 108
37 109
37 110
37 111
37 112
37 113
37 114
37 115
37 117
37 118
37 121
37 125
37 126
37 127
37 128
37 129
37 131
37 133
37 134
37 135
37 136
37 137
37 138
37 139
37 141
37 142
37 145
37 146
37 147
37 151
37 152
37 153
37 154
37 157
37 158
37 160
37 161
38 39
38 40
38 42
38 43
38 44
38 45
38 46
38 48
38 49
38 54
38 56
38 58
38 61
38 63
38 64
38 65
38 66
38 67
38 68
38 69
38 70
38 71
38 72
38 73
38 74
38 75
38 77
38 79
38 80
38 82
38 84
38 85
38 87
38 89
38 90
38 91
38 92
38 93
38 94
38 96
38 97
38 99
38 100
38 101
38 102
38 105
38 106
38 107
38 108
38 111
38 112
38 113
38 114
38 115
38 116
38 117
38 118
38 121
38 125
38 129
38 131
38 133
38 134
38 135
38 136
38 137
38 138
38 141
38 142
38 143
38 145
38 146
38 147
38 151
38 152
38 154
38 156
38 158
38 159
38 161
39 40
39 49
39 54
39 56
39 67
39 68
39 70
39 79
39 89
39 94
39 101
39 102
39 115
39 117
39 125
39 131
39 133
39 137
39 138
39 142
39 146
39 147
39 151
39 154
40 41
40 42
40 43
40 44
40 45
40 46
40 47
40 49
40 50
40 51
40 52
40 54
40 55
40 56
40 57
40 58
40 59
40 61
40 62
40 63
40 64
40 65
40 66
40 67
40 68
40 69
40 70
40 71
40 72
40 73
40 74
40 75
40 77
40 78
40 79
40 80
40 81
40 82
40 83
40 84
40 85
40 87
40 88
40 89
40 90
40 91
40 92
40 93
40 94
40 95
40 96
40 97
40 98
40 99
40 100
40 101
40 102
40 103
40 104
40 105
40 106
40 107
40 108
40 109
40 110
40 111
40 112
40 113
40 114
40 115
40 116
40 117
40 118
40 120
40 121
40 124
40 125
40 126
40 128
40 129
40 131
40 133
40 134
40 135
40 136
40 137
40 138
40 139
40 140
40 141
40 142
40 143
40 144
40 145
40 146
40 147
40 149
40 150
40 151
40 152
40 153
40 154
40 155
40 157
40 158
40 159
40 160
40 161
41 54
41 56
41 67
41 70
41 73
41 79
41 101
41 115
41 117
41 121
41 125
41 129
41 131
41 133
41 137
41 138
41 154
42 49
42 54
42 56
42 67
42 68
42 70
42 79
42 89
42 94
42 99
42 101
42 107
42 111
42 112
42 115
42 125
42 129
42 131
42 133
42 134
42 137
42 138
42 142
42 145
42 146
42 147
42 151
42 154
43 44
43 49
43 54
43 56
43 65
43 66
43 67
43 68
43 70
43 73
43 77
43 79
43 87
43 89
43 94
43 101
43 102
43 112
43 115
43 117
43 121
43 125
43 131
43 133
43 134
43 137
43 138
43 142
43 145
43 146
43 147
43 151
43 154
44 45
44 49
44 51
44 52
44 54
44 55
44 56
44 61
44 63
44 64
44 65
44 66
44 67
44 68
44 69
44 70
44 72
44 73
44 74
44 75
44 77
44 79
44 87
44 89
44 93
44 94
44 99
44 101
44 102
44 103
44 106
44 107
44 108
44 111
44 112
44 113
44 114
44 115
44 116
44 117
44 118
44 121
44 125
44 129
44 131
44 133
44 134
44 137
44 138
44 139
44 142
44 145
44 146
44 147
44 149
44 151
44 152
44 153
44 154
44 158
44 161
45 49
45 54
45 56
45 61
45 65
45 66
45 67
45 68
45 70
45 73
45 77
45 79
45 87
45 89
45 94
45 101
45 112
45 115
45 121
45 125
45 129
45 131
45 133
45 134
45 137
45 138
45 142
45 145
45 146
45 147
45 151
45 154
46 49
46 54
46 56
46 65
46 67
46 68
46 73
46 77
46 79
46 89
46 101
46 112
46 115
46 121
46 129
46 131
46 133
46 137
46 138
46 142
46 145
46 147
46 151
46 154
47 49
47 54
47 56
47 65
47 79
47 89
47 101
47 115
47 131
47 133
47 137
47 138
47 142
47 147
47 154
48 54
48 67
48 70
48 77
48 79
48 101
48 115
48 125
48 131
48 133
48 137
48 138
48 142
48 151
48 154
49 50
49 51
49 52
49 53
49 54
49 55
49 56
49 57
49 58
49 59
49 61
49 62
49 63
49 64
49 65
49 66
49 67
49 68
49 69
49 70
49 71
49 72
49 73
49 74
49 75
49 77
49 79
49 80
49 81
49 82
49 83
49 84
49 85
49 86
49 87
49 88
49 89
49 90
49 91
49 92
49 93
49 94
49 95
49 97
49 98
49 99
49 100
49 101
49 102
49 103
49 104
49 105
49 106
49 107
49 108
49 109
49 111
49 112
49 113
49 114
49 115
49 116
49 117
49 118
49 119
49 120
49 121
49 125
49 126
49 127
49 128
49 129
49 130
49 131
49 132
49 133
49 134
49 135
49 136
49 137
49 138
49 139
49 141
49 142
49 143
49 144
49 145
49 146
49 147
49 148
49 149
49 150
49 151
49 152
49 153
49 154
49 156
49 158
49 159
49 160
49 161
50 54
50 56
50 65
50 66
50 67
50 68
50 70
50 73
50 79
50 87
50 89
50 94
50 101
50 102
50 107
50 111
50 115
50 121
50 125
50 127
50 129
50 131
50 133
50 134
50 137
50 138
50 142
50 146
50 147
50 154
51 54
51 65
51 67
51 68
51 70
51 71
51 72
51 73
51 79
51 87
51 89
51 94
51 97
51 99
51 101
51 102
51 107
51 111
51 112
51 115
51 117
51 118
51 121
51 125
51 129
51 131
51 133
51 134
51 137
51 138
51 142
51 143
51 145
51 146
51 147
51 151
51 154
51 157
52 54
52 56
52 61
52 66
52 68
52 70
52 79
52 87
52 94
52 99
52 101
52 112
52 115
52 117
52 125
52 129
52 131
52 133
52 137
52 138
52 142
52 146
52 147
52 151
52 154
53 54
53 56
53 66
53 70
53 79
53 101
53 102
53 117
53 131
53 133
53 137
53 138
53 142
53 145
53 146
53 147
53 151
53 154
54 55
54 56
54 57
54 58
54 59
54 60
54 61
54 62
54 63
54 64
54 65
54 66
54 67
54 68
54 69
54 70
54 71
54 72
54 73
54 74
54 75
54 76
54 77
54 78
54 79
54 80
54 81
54 82
54 83
54 84
54 85
54 86
54 87
54 88
54 89
54 90
54 91
54 92
54 93
54 94
54 95
54 96
54 97
54 98
54 99
54 100
54 101
54 102
54 103
54 104
54 105
54 106
54 107
54 108
54 109
54 110
54 111
54 112
54 113
54 114
54 115
54 116
54 117
54 118
54 119
54 120
54 121
54 122
54 123
54 124
54 125
54 126
54 127
54 128
54 129
54 130
54 131
54 132
54 133
54 134
54 135
54 136
54 137
54 138
54 139
54 140
54 141
54 142
54 143
54 144
54 145
54 146
54 147
54 148
54 149
54 150
54 151
54 152
54 153
54 154
54 155
54 156
54 157
54 158
54 159
54 160
54 161
55 56
55 65
55 66
55 67
55 68
55 70
55 73
55 74
55 77
55 79
55 87
55 89
55 94
55 101
55 112
55 115
55 117
55 121
55 125
55 129
55 131
55 133
55 134
55 137
55 138
55 142
55 145
55 147
55 154
56 58
56 61
56 62
56 63
56 64
56 65
56 66
56 67
56 68
56 69
56 70
56 71
56 72
56 73
56 74
56 75
56 77
56 79
56 82
56 84
56 85
56 87
56 88
56 89
56 91
56 92
56 94
56 95
56 97
56 98
56 99
56 100
56 101
56 102
56 103
56 104
56 105
56 106
56 107
56 108
56 110
56 111
56 112
56 113
56 114
56 115
56 116
56 117
56 118
56 121
56 125
56 127
56 128
56 129
56 131
56 132
56 133
56 134
56 135
56 136
56 137
56 138
56 139
56 141
56 142
56 143
56 145
56 146
56 147
56 149
56 150
56 151
56 153
56 154
56 155
56 156
56 157
56 158
56 159
56 160
56 161
57 67
57 70
57 77
57 89
57 101
57 112
57 115
57 121
57 125
57 133
57 137
57 138
57 142
57 147
57 154
58 65
58 66
58 67
58 68
58 70
58 72
58 77
58 79
58 87
58 89
58 94
58 101
58 102
58 107
58 111
58 112
58 114
58 115
58 117
58 121
58 125
58 129
58 131
58 133
58 134
58 137
58 138
58 142
58 146
58 147
58 151
58 154
59 65
59 67
59 70
59 73
59 77
59 79
59 101
59 102
59 112
59 115
59 117
59 125
59 131
59 133
59 137
59 138
59 142
59 146
59 147
59 154
60 65
60 79
60 99
60 101
60 112
60 115
60 133
60 138
60 142
60 154
61 62
61 64
61 65
61 66
61 67
61 68
61 69
61 70
61 71
61 72
61 73
61 75
61 77
61 79
61 84
61 87
61 89
61 90
61 94
61 99
61 101
61 102
61 103
61 106
61 107
61 108
61 109
61 110
61 111
61 112
61 113
61 115
61 117
61 118
61 120
61 121
61 125
61 129
61 131
61 133
61 134
61 135
61 137
61 138
61 142
61 143
61 145
61 146
61 147
61 151
61 152
61 154
61 157
61 158
61 160
61 161
62 70
62 73
62 79
62 99
62 101
62 102
62 112
62 117
62 121
62 131
62 133
62 137
62 138
62 146
62 147
62 154
63 65
63 66
63 67
63 68
63 70
63 73
63 74
63 77
63 79
63 89
63 94
63 99
63 101
63 107
63 111
63 114
63 115
63 117
63 122
63 125
63 129
63 131
63 132
63 133
63 134
63 137
63 138
63 142
63 145
63 146
63 147
63 151
63 154
64 65
64 66
64 67
64 68
64 70
64 73
64 77
64 79
64 87
64 89
64 94
64 99
64 101
64 102
64 107
64 111
64 112
64 113
64 115
64 117
64 125
64 129
64 131
64 133
64 134
64 137
64 138
64 142
64 145
64 146
64 147
64 151
64 154
65 66
65 67
65 68
65 69
65 70
65 71
65 72
65 73
65 74
65 75
65 77
65 79
65 80
65 81
65 82
65 84
65 87
65 88
65 89
65 90
65 93
65 94
65 97
65 98
65 99
65 100
65 101
65 102
65 103
65 104
65 105
65 106
65 107
65 108
65 109
65 110
65 111
65 112
65 113
65 114
65 115
65 117
65 118
65 121
65 124
65 125
65 126
65 127
65 128
65 129
65 131
65 133
65 134
65 136
65 137
65 138
65 139
65 141
65 142
65 143
65 144
65 145
65 146
65 147
65 149
65 150
65 151
65 152
65 153
65 154
65 157
65 158
65 159
65 160
65 161
66 67
66 68
66 69
66 70
66 71
66 73
66 74
66 75
66 77
66 79
66 80
66 84
66 87
66 89
66 91
66 93
66 94
66 95
66 96
66 97
66 98
66 99
66 101
66 102
66 103
66 105
66 106
66 107
66 108
66 109
66 110
66 111
66 112
66 113
66 114
66 115
66 117
66 118
66 121
66 125
66 126
66 129
66 131
66 133
66 134
66 135
66 136
66 137
66 138
66 139
66 141
66 142
66 143
66 145
66 146
66 147
66 150
66 151
66 152
66 154
66 158
66 159
66 160
66 161
67 68
67 69
67 70
67 71
67 72
67 73
67 74
67 75
67 77
67 79
67 80
67 84
67 85
67 87
67 89
67 91
67 93
67 94
67 95
67 97
67 99
67 100
67 101
67 102
67 103
67 105
67 106
67 107
67 108
67 109
67 110
67 111
67 112
67 113
67 114
67 115
67 117
67 118
67 119
67 121
67 122
67 125
67 126
67 128
67 129
67 131
67 133
67 134
67 135
67 137
67 138
67 139
67 141
67 142
67 145
67 146
67 147
67 149
67 151
67 152
67 153
67 154
67 157
67 158
67 159
67 161
68 69
68 70
68 72
68 73
68 74
68 77
68 79
68 80
68 82
68 85
68 87
68 89
68 90
68 91
68 93
68 94
68 97
68 98
68 99
68 101
68 102
68 103
68 104
68 105
68 106
68 107
68 108
68 109
68 110
68 111
68 112
68 113
68 114
68 115
68 116
68 117
68 118
68 121
68 125
68 129
68 130
68 131
68 133
68 134
68 137
68 138
68 141
68 142
68 145
68 146
68 147
68 149
68 151
68 152
68 153
68 154
68 157
68 158
68 159
68 161
69 70
69 73
69 77
69 79
69 87
69 89
69 94
69 99
69 101
69 102
69 107
69 111
69 112
69 115
69 117
69 121
69 125
69 129
69 131
69 133
69 134
69 137
69 138
69 142
69 145
69 146
69 147
69 151
69 154
69 161
70 71
70 72
70 73
70 74
70 75
70 76
70 77
70 79
70 80
70 82
70 84
70 85
70 86
70 87
70 88
70 89
70 90
70 91
70 92
70 93
70 94
70 96
70 97
70 98
70 99
70 100
70 101
70 102
70 103
70 104
70 105
70 106
70 107
70 108
70 109
70 111
70 112
70 113
70 114
70 115
70 116
70 117
70 118
70 121
70 122
70 125
70 126
70 128
70 129
70 130
70 131
70 132
70 133
70 134
70 135
70 136
70 137
70 138
70 139
70 141
70 142
70 143
70 144
70 145
70 146
70 147
70 148
70 149
70 150
70 151
70 152
70 153
70 154
70 155
70 157
70 158
70 159
70 160
70 161
71 73
71 77
71 79
71 87
71 89
71 94
71 101
71 112
71 115
71 117
71 125
71 129
71 131
71 133
71 134
71 137
71 138
71 142
71 145
71 146
71 147
71 154
72 73
72 74
72 77
72 79
72 87
72 89
72 94
72 99
72 101
72 102
72 105
72 107
72 111
72 112
72 114
72 115
72 117
72 121
72 125
72 129
72 131
72 133
72 134
72 137
72 138
72 142
72 145
72 146
72 147
72 151
72 154
73 74
73 75
73 77
73 79
73 80
73 84
73 85
73 87
73 89
73 91
73 93
73 94
73 99
73 100
73 101
73 102
73 103
73 105
73 106
73 107
73 108
73 109
73 111
73 112
73 113
73 114
73 115
73 117
73 118
73 121
73 125
73 129
73 131
73 133
73 134
73 135
73 136
73 137
73 138
73 139
73 142
73 145
73 146
73 147
73 151
73 152
73 154
73 157
73 158
73 159
73 161
74 77
74 79
74 89
74 94
74 101
74 102
74 105
74 111
74 114
74 115
74 117
74 125
74 131
74 133
74 134
74 137
74 138
74 142
74 145
74 146
74 147
74 151
74 154
75 77
75 79
75 87
75 89
75 94
75 101
75 102
75 107
75 115
75 117
75 121
75 125
75 129
75 131
75 133
75 137
75 138
75 142
75 145
75 146
75 147
75 154
76 101
76 102
76 131
76 133
76 137
76 138
76 154
77 79
77 81
77 84
77 87
77 89
77 91
77 93
77 94
77 97
77 99
77 100
77 101
77 102
77 103
77 106
77 107
77 108
77 109
77 111
77 112
77 113
77 115
77 116
77 117
77 118
77 121
77 122
77 125
77 128
77 129
77 131
77 133
77 134
77 135
77 137
77 138
77 139
77 142
77 145
77 146
77 147
77 148
77 149
77 151
77 152
77 153
77 154
77 161
78 79
78 101
78 133
78 137
78 138
78 154
79 80
79 84
79 85
79 86
79 87
79 88
79 89
79 90
79 91
79 92
79 93
79 94
79 95
79 96
79 97
79 98
79 99
79 100
79 101
79 102
79 103
79 105
79 106
79 107
79 108
79 109
79 110
79 111
79 112
79 113
79 114
79 115
79 116
79 117
79 118
79 120
79 121
79 122
79 125
79 127
79 128
79 129
79 131
79 133
79 134
79 135
79 136
79 137
79 138
79 139
79 140
79 141
79 142
79 143
79 144
79 145
79 146
79 147
79 149
79 150
79 151
79 152
79 153
79 154
79 155
79 157
79 158
79 159
79 160
79 161
80 89
80 101
80 102
80 112
80 117
80 125
80 129
80 131
80 133
80 137
80 138
80 142
80 145
80 146
80 147
80 154
81 101
81 115
81 131
81 133
81 137
81 138
81 142
82 89
82 101
82 112
82 115
82 117
82 125
82 131
82 133
82 137
82 138
82 142
82 146
82 147
82 154
83 89
83 99
83 101
83 102
83 115
83 125
83 133
83 137
83 142
83 154
84 87
84 89
84 94
84 99
84 101
84 102
84 107
84 112
84 115
84 117
84 125
84 129
84 131
84 133
84 134
84 135
84 137
84 138
84 142
84 145
84 146
84 147
84 151
84 154
84 158
85 87
85 94
85 101
85 102
85 112
85 115
85 117
85 125
85 131
85 137
85 138
85 142
85 145
85 147
85 151
85 154
86 87
86 89
86 94
86 101
86 107
86 115
86 133
86 137
86 138
86 142
86 145
86 146
86 154
87 89
87 91
87 94
87 97
87 99
87 101
87 102
87 107
87 108
87 111
87 112
87 114
87 115
87 116
87 117
87 118
87 121
87 125
87 129
87 131
87 133
87 134
87 135
87 137
87 138
87 139
87 142
87 145
87 146
87 147
87 151
87 153
87 154
87 155
87 157
87 158
87 160
88 89
88 94
88 99
88 101
88 115
88 117
88 121
88 125
88 129
88 131
88 133
88 134
88 137
88 138
88 142
88 145
88 146
88 147
88 151
88 154
89 91
89 93
89 94
89 96
89 97
89 99
89 100
89 101
89 102
89 103
89 104
89 105
89 106
89 107
89 108
89 109
89 111
89 112
89 113
89 114
89 115
89 116
89 117
89 118
89 121
89 122
89 125
89 126
89 128
89 129
89 130
89 131
89 132
89 133
89 134
89 135
89 137
89 138
89 139
89 141
89 142
89 143
89 145
89 146
89 147
89 148
89 150
89 151
89 152
89 154
89 155
89 157
89 158
89 160
89 161
90 94
90 101
90 115
90 131
90 133
90 137
90 138
90 146
90 147
90 151
90 154
91 94
91 101
91 115
91 117
91 131
91 133
91 137
91 138
91 142
91 146
91 147
91 151
91 154
92 94
92 101
92 117
92 125
92 129
92 131
92 133
92 134
92 138
92 142
92 147
92 154
93 101
93 102
93 112
93 115
93 117
93 131
93 133
93 134
93 137
93 138
93 142
93 145
93 147
93 154
94 96
94 97
94 98
94 99
94 100
94 101
94 102
94 103
94 106
94 107
94 108
94 109
94 111
94 112
94 113
94 114
94 115
94 116
94 117
94 118
94 120
94 121
94 124
94 125
94 126
94 129
94 130
94 131
94 133
94 134
94 135
94 136
94 137
94 138
94 141
94 142
94 145
94 146
94 147
94 149
94 151
94 152
94 153
94 154
94 156
94 159
94 160
94 161
95 101
95 115
95 125
95 129
95 131
95 133
95 147
95 154
96 99
96 101
96 102
96 125
96 129
96 133
96 134
96 137
96 142
96 147
96 154
97 100
97 101
97 102
97 106
97 107
97 111
97 112
97 115
97 117
97 125
97 131
97 133
97 134
97 137
97 138
97 142
97 145
97 146
97 147
97 151
97 154
98 101
98 115
98 129
98 131
98 133
98 137
98 138
98 142
98 145
98 146
98 151
98 154
99 101
99 102
99 103
99 104
99 105
99 106
99 107
99 108
99 109
99 111
99 112
99 113
99 114
99 115
99 117
99 118
99 121
99 125
99 127
99 128
99 129
99 131
99 133
99 134
99 135
99 137
99 138
99 141
99 142
99 143
99 145
99 146
99 147
99 148
99 149
99 151
99 152
99 153
99 154
99 157
99 159
100 101
100 102
100 115
100 131
100 133
100 137
100 138
100 142
100 146
100 147
100 151
100 154
101 102
101 103
101 104
101 105
101 106
101 107
101 108
101 109
101 110
101 111
101 112
101 113
101 114
101 115
101 116
101 117
101 118
101 119
101 120
101 121
101 122
101 123
101 124
101 125
101 126
101 127
101 128
101 129
101 130
101 131
101 132
101 133
101 134
101 135
101 136
101 137
101 138
101 139
101 141
101 142
101 143
101 144
101 145
101 146
101 147
101 148
101 149
101 150
101 151
101 152
101 153
101 154
101 156
101 157
101 158
101 159
101 160
101 161
102 104
102 105
102 106
102 107
102 108
102 109
102 111
102 112
102 113
102 114
102 115
102 116
102 117
102 118
102 121
102 125
102 126
102 127
102 128
102 129
102 130
102 131
102 133
102 134
102 135
102 136
102 137
102 138
102 139
102 140
102 141
102 142
102 145
102 146
102 147
102 151
102 152
102 153
102 154
102 157
102 158
102 159
102 160
102 161
103 107
103 108
103 112
103 115
103 117
103 125
103 129
103 131
103 133
103 134
103 137
103 138
103 142
103 145
103 147
103 151
103 154
104 115
104 117
104 125
104 131
104 133
104 134
104 137
104 147
104 154
105 112
105 115
105 117
105 121
105 125
105 129
105 131
105 133
105 137
105 138
105 142
105 145
105 146
105 151
105 154
106 107
106 112
106 114
106 115
106 117
106 119
106 121
106 125
106 129
106 131
106 133
106 134
106 137
106 138
106 142
106 145
106 146
106 147
106 151
106 154
107 111
107 112
107 114
107 115
107 117
107 118
107 121
107 125
107 126
107 129
107 131
107 133
107 134
107 135
107 137
107 138
107 139
107 141
107 142
107 145
107 146
107 147
107 148
107 149
107 151
107 152
107 153
107 154
107 158
107 159
108 112
108 115
108 121
108 125
108 129
108 131
108 133
108 134
108 137
108 138
108 141
108 142
108 146
108 147
108 151
108 154
109 112
109 114
109 115
109 117
109 121
109 125
109 129
109 131
109 133
109 134
109 137
109 138
109 142
109 145
109 146
109 147
109 151
109 154
110 113
110 115
110 131
110 133
110 137
110 138
110 142
110 146
110 147
110 151
110 154
111 112
111 113
111 114
111 115
111 117
111 121
111 125
111 129
111 131
111 133
111 137
111 138
111 139
111 142
111 145
111 146
111 147
111 151
111 153
111 154
111 161
112 113
112 114
112 115
112 117
112 120
112 121
112 125
112 126
112 129
112 131
112 132
112 133
112 134
112 136
112 137
112 138
112 141
112 142
112 145
112 146
112 147
112 151
112 152
112 153
112 154
112 157
112 158
112 161
113 115
113 117
113 121
113 125
113 129
113 131
113 133
113 134
113 137
113 138
113 142
113 145
113 146
113 147
113 151
113 154
114 115
114 117
114 121
114 125
114 129
114 131
114 133
114 134
114 137
114 138
114 142
114 145
114 146
114 147
114 151
114 154
114 158
115 116
115 117
115 118
115 119
115 121
115 124
115 125
115 126
115 127
115 129
115 131
115 132
115 133
115 134
115 135
115 136
115 137
115 138
115 139
115 140
115 141
115 142
115 143
115 144
115 145
115 146
115 147
115 148
115 149
115 150
115 151
115 152
115 153
115 154
115 155
115 156
115 157
115 158
115 159
115 160
115 161
116 117
116 125
116 129
116 131
116 133
116 137
116 138
116 146
116 147
116 154
117 118
117 121
117 125
117 126
117 127
117 129
117 131
117 133
117 134
117 137
117 138
117 141
117 142
117 145
117 146
117 147
117 149
117 151
117 152
117 153
117 154
117 157
117 158
117 159
117 161
118 121
118 125
118 129
118 131
118 133
118 134
118 137
118 138
118 142
118 145
118 146
118 147
118 151
118 154
119 125
119 131
119 133
119 137
119 138
119 145
119 154
120 131
120 133
120 137
120 138
120 145
120 146
120 147
120 154
121 125
121 129
121 131
121 133
121 134
121 137
121 138
121 139
121 142
121 145
121 146
121 147
121 151
121 152
121 154
121 158
121 159
121 161
122 131
122 133
122 137
122 142
122 146
122 147
122 154
123 131
123 133
123 137
123 138
123 154
124 129
124 131
124 133
124 137
124 147
124 154
125 126
125 127
125 128
125 129
125 131
125 132
125 133
125 134
125 135
125 137
125 138
125 139
125 141
125 142
125 145
125 146
125 147
125 149
125 150
125 151
125 152
125 153
125 154
125 155
125 157
125 158
125 159
125 160
125 161
126 131
126 133
126 134
126 137
126 138
126 145
126 147
126 154
127 133
127 137
127 138
127 154
128 131
128 133
128 137
128 138
128 142
128 147
128 154
129 130
129 131
129 133
129 134
129 135
129 137
129 138
129 139
129 141
129 142
129 143
129 145
129 146
129 147
129 149
129 151
129 152
129 153
129 154
129 157
129 158
129 159
129 160
130 133
130 137
130 154
131 133
131 134
131 135
131 136
131 137
131 138
131 139
131 142
131 143
131 144
131 145
131 146
131 147
131 149
131 151
131 152
131 153
131 154
131 155
131 157
131 158
131 159
131 160
131 161
132 133
132 137
132 138
132 142
132 146
132 154
133 134
133 135
133 136
133 137
133 138
133 139
133 140
133 141
133 142
133 143
133 144
133 145
133 146
133 147
133 148
133 149
133 150
133 151
133 152
133 153
133 154
133 155
133 156
133 157
133 158
133 159
133 160
133 161
134 137
134 138
134 139
134 142
134 145
134 146
134 147
134 151
134 152
134 153
134 154
134 156
134 157
134 158
134 159
135 137
135 138
135 142
135 145
135 147
135 151
135 154
136 137
136 138
136 142
136 146
136 151
136 154
137 138
137 139
137 140
137 141
137 142
137 143
137 144
137 145
137 146
137 147
137 148
137 149
137 150
137 151
137 152
137 153
137 154
137 155
137 156
137 157
137 158
137 159
137 160
137 161
138 139
138 140
138 141
138 142
138 143
138 144
138 145
138 146
138 147
138 148
138 149
138 150
138 151
138 152
138 153
138 154
138 155
138 156
138 157
138 158
138 159
138 160
138 161
139 142
139 145
139 146
139 147
139 154
140 154
141 142
141 145
141 147
141 151
141 154
142 144
142 145
142 146
142 147
142 148
142 151
142 152
142 153
142 154
142 155
142 157
142 158
142 159
142 160
142 161
143 145
143 151
143 154
144 147
144 154
145 146
145 147
145 149
145 151
145 152
145 153
145 154
145 157
145 160
145 161
146 147
146 151
146 152
146 153
146 154
146 156
146 157
146 158
146 160
147 149
147 151
147 152
147 153
147 154
147 157
147 158
147 159
147 160
147 161
148 154
149 154
150 154
151 152
151 153
151 154
151 157
152 154
153 154
154 155
154 156
154 157
154 158
154 159
154 160
154 161
